-0.0206432 1603.71 0.126187 0.011931 66.8971
0.00839648 7.67501 0.0818077 0.0123919 52.9025
0.0142301 31.7619 0.0637056 0.0163088 50.4974
0.0196737 14.6466 0.0551979 0.0172107 37.9112
0.0214185 52.3386 0.0348528 0.0238539 57.4623
0.0264794 19.4183 0.0312683 0.0248267 33.9974
0.0286334 36.7425 0.0191767 0.0336078 36.4138
0.0281069 23.5234 0.0183937 0.0278943 29.1492
0.0325178 32.3521 0.0114229 0.0342657 31.6655
0.036536 28.0458 0.00715335 0.0377929 27.3439
0.0375292 22.7705 0.00318851 0.0441955 20.7682
